Car -1 -1 -10 63.45 132.10 111.64 139.44 -1 -1 -1 -1000 -1000 -1000 -10 0.72
Car -1 -1 -10 1108.75 129.01 1199.39 142.13 -1 -1 -1 -1000 -1000 -1000 -10 0.71
Car -1 -1 -10 66.24 122.04 171.96 135.63 -1 -1 -1 -1000 -1000 -1000 -10 0.71
Car -1 -1 -10 384.41 128.91 476.46 142.08 -1 -1 -1 -1000 -1000 -1000 -10 0.71
Car -1 -1 -10 528.91 129.06 621.17 142.31 -1 -1 -1 -1000 -1000 -1000 -10 0.71
Car -1 -1 -10 577.60 129.41 669.54 142.62 -1 -1 -1 -1000 -1000 -1000 -10 0.71
Car -1 -1 -10 156.99 128.90 248.64 142.21 -1 -1 -1 -1000 -1000 -1000 -10 0.71
Car -1 -1 -10 657.43 129.35 749.47 142.60 -1 -1 -1 -1000 -1000 -1000 -10 0.71
Car -1 -1 -10 63.52 353.60 134.83 362.21 -1 -1 -1 -1000 -1000 -1000 -10 0.71
Car -1 -1 -10 433.32 128.96 525.17 142.20 -1 -1 -1 -1000 -1000 -1000 -10 0.71
Car -1 -1 -10 39.84 132.97 99.38 142.89 -1 -1 -1 -1000 -1000 -1000 -10 0.71
Car -1 -1 -10 931.31 129.33 1023.63 142.53 -1 -1 -1 -1000 -1000 -1000 -10 0.71
Car -1 -1 -10 834.55 129.17 926.57 142.45 -1 -1 -1 -1000 -1000 -1000 -10 0.71
Car -1 -1 -10 996.05 129.33 1087.98 142.60 -1 -1 -1 -1000 -1000 -1000 -10 0.71
Car -1 -1 -10 481.32 128.91 573.52 142.15 -1 -1 -1 -1000 -1000 -1000 -10 0.71
Car -1 -1 -10 237.60 129.20 329.66 142.44 -1 -1 -1 -1000 -1000 -1000 -10 0.71
Car -1 -1 -10 882.94 129.15 975.01 142.39 -1 -1 -1 -1000 -1000 -1000 -10 0.71
Car -1 -1 -10 705.62 129.39 797.67 142.65 -1 -1 -1 -1000 -1000 -1000 -10 0.71
Car -1 -1 -10 286.40 129.35 378.61 142.58 -1 -1 -1 -1000 -1000 -1000 -10 0.71
Car -1 -1 -10 334.77 129.00 427.03 142.19 -1 -1 -1 -1000 -1000 -1000 -10 0.71
Car -1 -1 -10 1061.04 129.07 1153.24 142.34 -1 -1 -1 -1000 -1000 -1000 -10 0.70
Car -1 -1 -10 110.53 129.14 202.22 142.39 -1 -1 -1 -1000 -1000 -1000 -10 0.70
Car -1 -1 -10 753.82 129.32 845.94 142.57 -1 -1 -1 -1000 -1000 -1000 -10 0.70
