Car -1 -1 -10 64.68 130.80 112.22 138.20 -1 -1 -1 -1000 -1000 -1000 -10 0.72
Car -1 -1 -10 1110.29 128.77 1199.79 141.88 -1 -1 -1 -1000 -1000 -1000 -10 0.71
Car -1 -1 -10 68.47 121.60 173.70 135.41 -1 -1 -1 -1000 -1000 -1000 -10 0.71
Car -1 -1 -10 62.71 353.66 133.92 362.30 -1 -1 -1 -1000 -1000 -1000 -10 0.71
Car -1 -1 -10 965.91 128.93 1056.93 142.18 -1 -1 -1 -1000 -1000 -1000 -10 0.71
Car -1 -1 -10 739.74 129.30 831.35 142.48 -1 -1 -1 -1000 -1000 -1000 -10 0.71
Car -1 -1 -10 497.31 128.88 589.04 142.19 -1 -1 -1 -1000 -1000 -1000 -10 0.71
Car -1 -1 -10 659.31 128.57 750.86 141.84 -1 -1 -1 -1000 -1000 -1000 -10 0.71
Car -1 -1 -10 159.71 128.68 251.13 141.99 -1 -1 -1 -1000 -1000 -1000 -10 0.71
Car -1 -1 -10 384.72 128.75 476.03 142.05 -1 -1 -1 -1000 -1000 -1000 -10 0.71
Car -1 -1 -10 272.11 129.06 363.63 142.34 -1 -1 -1 -1000 -1000 -1000 -10 0.71
Car -1 -1 -10 433.19 128.93 524.94 142.23 -1 -1 -1 -1000 -1000 -1000 -10 0.71
Car -1 -1 -10 577.86 128.86 669.70 142.14 -1 -1 -1 -1000 -1000 -1000 -10 0.71
Car -1 -1 -10 320.55 129.01 412.10 142.29 -1 -1 -1 -1000 -1000 -1000 -10 0.71
Car -1 -1 -10 789.07 128.65 880.69 141.87 -1 -1 -1 -1000 -1000 -1000 -10 0.71
Car -1 -1 -10 110.95 128.76 202.32 142.06 -1 -1 -1 -1000 -1000 -1000 -10 0.71
Car -1 -1 -10 917.16 129.07 1008.52 142.35 -1 -1 -1 -1000 -1000 -1000 -10 0.70
Car -1 -1 -10 852.95 128.90 944.22 142.17 -1 -1 -1 -1000 -1000 -1000 -10 0.70
Car -1 -1 -10 1062.36 129.02 1153.39 142.30 -1 -1 -1 -1000 -1000 -1000 -10 0.70
Car -1 -1 -10 208.35 128.62 299.98 141.93 -1 -1 -1 -1000 -1000 -1000 -10 0.70
